"","iDAD.position","U234_U238","U234_U238_2SE","iDAD.position.1","Th230_U238","Th230_U238_2SE","U_ppm","U_ppm_2SE"
"1",-0.95588237,1.2696216,0.00421,-0.95588237,0.0733,0.00226,12.3,0.615
"2",-0.85681117,1.2729341,0.00424,-0.85681117,0.0732,0.00238,12.7,0.635
"3",-0.75773996,1.2654235,0.00372,-0.75773996,0.076,0.00177,12.5,0.625
"4",-0.65866876,1.2673451,0.00454,-0.65866876,0.077,0.00193,14.2,0.71
"5",-0.55959755,1.2691554,0.00291,-0.55959755,0.0721,0.00188,19.8,0.99
"6",-0.46052632,1.2655151,0.00284,-0.46052632,0.0769,0.00167,18,0.9
"7",-0.36145511,1.266979,0.00255,-0.36145511,0.0816,0.00169,20,1
"8",-0.26238391,1.2760185,0.00231,-0.26238391,0.0786,0.00126,27.2,1.36
"9",-0.16331269,1.265514,0.00228,-0.16331269,0.0753,0.00124,26.7,1.335
"10",-0.0642,1.2766815,0.0021,-0.0642,0.0731,0.000983,0.3,0.015
"11",0.0348,1.2706338,0.00223,0.0348,0.0779,0.00152,33.9,1.695
"12",0.13390093,1.2642664,0.00242,0.13390093,0.0666,0.00138,37.7,1.885
"13",0.23297213,1.2662201,0.00273,0.23297213,0.0713,0.00138,30.7,1.535
"14",0.33204335,1.2649714,0.00224,0.33204335,0.0773,0.00185,25.2,1.26
"15",0.43111455,1.2655783,0.00284,0.43111455,0.0832,0.00147,28.9,1.445
"16",0.53018576,1.2679863,0.00264,0.53018576,0.0864,0.00162,29,1.45
"17",0.62925696,1.2644629,0.00258,0.62925696,0.0816,0.00162,27.5,1.375
"18",0.72832817,1.2627009,0.002,0.72832817,0.0704,0.00132,30.1,1.505
"19",0.82739937,1.2658484,0.00471,0.82739937,0.0953,0.00175,19.6,0.98
"20",0.92647058,1.2626681,0.00316,0.92647058,0.0958,0.00232,14.8,0.74
